-100.9 69.8
-104.6 71.1
-105.4 72.8
-106.9 73.3
-108.3 73.1
-107.3 71.9
-107.7 71.6
-109.6 72.9
-111.8 72.2
-111.2 72.7
-114.5 72.6
-114.0 73.1
-114.6 73.4
-119.1 71.8
-115.1 71.5
-118.4 71.0
-117.6 70.6
-111.5 70.3
-117.4 70.0
-113.5 69.2
-113.2 68.5
-106.6 69.5
-103.0 68.8
-101.8 69.2
-103.5 69.7
-100.9 69.8
-999.0 -999.0
-95.2 68.9
-97.9 69.9
-99.6 69.0
-96.5 68.4
-95.2 68.9
-999.0 -999.0
-105.6 79.1
-103.3 78.7
-105.0 78.5
-104.5 78.3
-99.9 77.8
-98.9 78.1
-101.6 79.1
-105.6 79.1
-999.0 -999.0
9.8 40.6
9.2 41.3
8.2 41.0
8.6 38.9
9.6 39.1
9.8 40.6
-999.0 -999.0
99.9 79.0
99.0 79.3
100.0 79.8
97.2 79.7
98.1 80.1
97.6 80.2
92.9 79.6
99.9 79.0
-999.0 -999.0
167.0 -22.2
165.2 -20.8
164.0 -20.1
165.0 -21.4
167.0 -22.2
-999.0 -999.0
44.3 -20.4
44.4 -16.2
46.5 -16.0
48.0 -14.8
47.9 -13.6
48.8 -13.4
49.3 -11.9
50.5 -15.4
49.6 -15.5
49.8 -16.8
47.0 -25.1
45.2 -25.6
44.0 -25.0
43.2 -22.3
44.3 -20.4
-999.0 -999.0
-152.2 57.6
-153.3 58.0
-153.6 57.3
-154.8 57.3
-154.0 56.7
-152.2 57.6
-999.0 -999.0
-90.3 73.9
-94.7 74.1
-95.7 73.0
-95.2 72.0
-94.1 72.0
-93.5 72.5
-94.3 72.8
-92.1 72.7
-90.3 73.9
-999.0 -999.0
-97.4 75.5
-98.5 76.7
-101.0 76.5
-99.4 76.2
-99.9 75.9
-101.3 76.4
-102.0 76.4
-100.9 75.8
-102.9 75.6
-98.9 75.7
-100.8 75.4
-99.6 75.0
-97.4 75.5
-999.0 -999.0
-80.2 63.8
-85.5 65.9
-86.2 64.1
-87.2 63.7
-85.7 63.8
-85.3 63.1
-83.1 64.2
-80.2 63.8
-999.0 -999.0
26.3 35.3
23.7 35.7
23.5 35.3
25.0 34.9
26.3 35.3
-999.0 -999.0
145.4 75.5
139.0 76.2
136.9 75.4
139.1 74.7
143.7 74.9
142.4 75.2
142.3 75.7
144.0 75.0
145.4 75.5
-999.0 -999.0
105.4 78.6
102.4 78.8
103.2 79.3
102.3 79.4
99.3 78.0
105.4 78.6
-999.0 -999.0
127.7 -0.2
127.4 1.2
127.6 1.8
128.0 2.2
127.6 0.9
128.7 1.6
128.2 0.8
128.7 0.6
128.9 0.2
127.9 0.4
128.4 -0.9
127.7 -0.2
-999.0 -999.0
152.4 -4.3
151.5 -4.2
150.9 -5.5
150.1 -5.0
148.3 -5.7
150.5 -6.3
152.1 -5.5
152.4 -4.3
-999.0 -999.0
153.1 -4.3
152.1 -3.2
150.8 -2.6
152.9 -4.8
153.1 -4.3
-999.0 -999.0
-59.3 -80.2
-60.1 -79.7
-61.8 -80.4
-66.8 -80.3
-60.7 -81.0
-59.3 -80.2
-999.0 -999.0
81.9 7.0
80.1 6.1
79.9 6.8
79.7 8.2
80.1 9.6
80.6 9.4
80.0 9.8
80.2 9.8
80.7 9.4
81.4 8.5
81.9 7.0
-999.0 -999.0
87.4 21.6
87.9 22.4
88.3 21.6
90.0 22.5
90.2 21.8
90.3 23.5
90.6 23.6
93.9 18.9
94.1 19.4
94.2 16.0
94.7 16.5
94.6 15.9
95.4 15.7
96.9 17.5
97.7 16.6
98.9 11.7
98.3 8.2
100.1 6.5
101.3 2.8
103.5 1.3
104.3 1.4
103.4 4.8
100.4 7.2
99.2 10.4
100.6 13.6
100.9 12.7
102.3 12.4
103.1 10.9
105.0 10.1
104.8 8.6
106.2 9.4
105.8 10.0
106.5 9.6
106.1 10.2
106.7 9.8
106.7 10.7
109.0 11.4
109.0 15.3
105.6 19.0
106.6 21.0
107.3 21.0
-999.0 -999.0
-131.1 52.2
-131.0 52.2
-131.2 52.2
-131.4 52.3
-131.2 52.4
-131.8 52.7
-131.7 52.8
-132.0 52.9
-131.8 53.3
-132.6 53.1
-131.1 52.2
-999.0 -999.0
-132.6 53.2
-132.0 53.3
-131.7 54.2
-132.2 54.0
-132.1 53.9
-132.2 53.7
-132.5 53.6
-132.2 54.0
-132.7 53.9
-132.6 54.1
-133.1 54.2
-133.1 54.2
-132.6 53.2
-999.0 -999.0
-105.4 75.7
-108.0 75.8
-108.8 76.9
-110.4 76.4
-108.9 75.5
-114.9 76.5
-116.7 75.9
-114.8 75.9
-117.2 75.6
-115.0 75.7
-117.7 75.3
-110.9 75.2
-114.4 74.7
-112.4 74.4
-105.4 75.7
-999.0 -999.0
-93.4 74.9
-94.9 75.6
-96.6 75.0
-94.7 74.6
-93.4 74.9
-999.0 -999.0
123.2 11.5
121.9 11.9
121.9 10.4
122.7 10.8
123.2 11.5
-999.0 -999.0
178.7 -18.0
178.2 -17.3
177.3 -18.0
177.9 -18.3
178.7 -18.0
-999.0 -999.0
-74.2 20.3
-80.6 23.2
-83.2 23.0
-84.9 21.9
-81.8 22.7
-77.2 20.6
-77.7 19.8
-74.2 20.3
-999.0 -999.0
180.0 -16.1
178.5 -16.8
179.9 -16.8
180.0 -16.2
-999.0 -999.0
-65.2 -54.6
-69.4 -52.5
-70.5 -53.3
-69.4 -53.4
-70.2 -53.8
-69.0 -54.5
-72.0 -54.5
-65.2 -54.6
-999.0 -999.0
-68.4 18.7
-69.9 19.7
-73.2 19.9
-72.4 18.5
-74.5 18.4
-71.4 17.6
-71.1 18.3
-68.4 18.7
-999.0 -999.0
12.0 54.9
12.6 56.0
10.9 55.7
11.9 54.6
12.0 54.9
-999.0 -999.0
51.7 80.7
50.2 80.9
46.6 80.3
48.4 80.1
51.7 80.7
-999.0 -999.0
-168.7 63.3
-170.3 63.7
-171.9 63.5
-168.7 63.3
-999.0 -999.0
97.7 80.7
95.8 81.3
95.1 81.3
91.4 80.3
97.7 80.7
-999.0 -999.0
-71.5 -72.6
-68.2 -71.8
-70.4 -68.8
-72.2 -69.1
-71.8 -70.0
-69.6 -70.4
-71.3 -70.7
-69.8 -70.9
-69.8 -71.2
-75.4 -71.7
-70.1 -72.2
-73.2 -72.4
-71.5 -72.6
-999.0 -999.0
-45.2 -78.7
-43.7 -78.4
-49.1 -78.0
-50.4 -78.7
-50.3 -79.5
-54.4 -80.7
-43.0 -79.8
-43.6 -78.9
-45.2 -78.7
-999.0 -999.0
-115.3 73.5
-117.4 74.2
-124.8 74.3
-123.8 73.8
-125.9 72.0
-122.8 71.1
-115.3 73.5
-999.0 -999.0
-52.6 47.5
-53.3 47.6
-52.9 48.2
-53.6 47.5
-53.9 47.9
-53.0 48.6
-54.2 48.4
-53.5 49.3
-55.4 49.0
-56.1 50.2
-56.9 49.5
-55.9 51.6
-59.4 47.9
-54.7 47.7
-56.0 47.0
-55.7 46.9
-54.1 47.9
-54.2 46.8
-53.6 47.2
-53.6 46.6
-52.6 47.5
-999.0 -999.0
8.6 42.2
9.2 41.4
9.5 43.0
8.7 42.6
8.6 42.2
-999.0 -999.0
20.2 78.6
21.5 78.8
16.3 80.1
15.6 79.8
16.4 78.9
14.5 79.8
14.0 79.3
12.5 79.6
13.8 79.9
10.7 79.5
12.1 79.3
12.5 78.9
11.3 79.0
13.0 78.2
15.4 78.9
17.3 78.4
13.6 78.1
17.0 77.9
13.9 77.5
16.3 76.6
20.2 78.6
-999.0 -999.0
27.2 80.1
22.8 80.5
17.8 80.1
24.1 79.2
27.2 80.1
-999.0 -999.0
-59.6 -51.7
-59.2 -51.4
-60.6 -51.4
-60.1 -51.7
-61.0 -52.0
-59.6 -51.7
-999.0 -999.0
-57.8 -51.7
-59.0 -51.2
-59.7 -52.1
-59.3 -52.3
-57.8 -51.7
-999.0 -999.0
-141.9 60.0
-147.7 61.3
-148.7 60.8
-147.9 60.5
-148.4 60.0
-151.9 59.2
-151.0 59.8
-151.9 59.7
-151.4 60.7
-149.0 60.9
-150.1 61.2
-149.2 61.5
-150.6 61.4
-154.1 59.4
-153.3 58.9
-154.2 58.1
-158.4 56.0
-163.3 54.8
-157.4 57.5
-156.8 59.2
-158.2 58.6
-158.0 58.9
-158.5 59.2
-158.9 58.4
-160.3 59.1
-161.7 58.6
-162.1 58.6
-161.6 59.1
-162.5 60.3
-161.9 60.7
-164.1 59.8
-165.4 60.6
-163.6 60.9
-166.2 61.6
-164.4 63.2
-161.1 63.6
-161.5 64.4
-160.8 64.7
-166.2 64.6
-166.4 64.9
-166.9 65.1
-167.0 65.2
-167.0 65.2
-166.1 65.3
-167.4 65.4
-168.1 65.7
-164.3 66.6
-163.7 66.1
-161.0 66.2
-161.9 66.3
-162.5 67.0
-161.6 66.5
-160.2 66.4
-166.8 68.4
-156.5 71.4
-155.6 71.2
-156.2 70.9
-156.0 70.8
-143.2 70.1
-137.9 69.1
-999.0 -999.0
-137.9 69.1
-135.1 68.7
-136.0 69.2
-129.4 70.1
-132.0 69.5
-133.5 68.8
-133.2 68.7
-132.9 68.7
-127.5 70.2
-128.0 70.6
-125.4 69.3
-124.4 70.2
-124.4 69.4
-121.6 69.8
-113.9 68.4
-115.1 67.8
-110.1 68.0
-107.2 66.3
-107.9 68.1
-106.4 68.2
-105.6 68.6
-108.8 68.3
-108.3 68.6
-106.2 68.9
-102.6 67.8
-999.0 -999.0
-124.5 42.9
-124.0 46.2
-123.8 46.1
-123.9 46.2
-123.5 46.2
-123.4 46.2
-123.2 46.1
-123.2 46.2
-123.7 46.3
-124.1 46.3
-124.7 48.4
-122.8 48.1
-122.7 47.1
-122.2 48.0
-122.9 49.4
-124.8 50.0
-124.8 50.9
-125.7 50.4
-126.3 50.6
-125.7 50.7
-125.5 50.9
-125.6 51.1
-127.8 51.2
-127.5 51.6
-126.7 51.6
-126.6 51.7
-127.9 51.7
-126.7 52.0
-127.0 52.8
-128.4 52.3
-128.0 52.9
-129.0 53.6
-127.9 53.2
-128.6 54.0
-129.3 53.4
-130.1 53.9
-129.5 54.3
-130.5 54.4
-129.5 55.5
-130.1 55.0
-129.9 55.3
-130.0 55.9
-130.8 54.8
-131.0 56.1
-132.2 55.6
-131.5 56.2
-133.6 57.2
-133.1 57.9
-134.8 58.4
-135.3 59.5
-135.1 58.2
-137.1 59.1
-136.0 58.4
-136.7 58.2
-139.9 59.5
-138.9 59.8
-139.5 60.1
-141.9 60.0
-999.0 -999.0
-93.3 77.6
-95.5 77.8
-96.3 77.6
-93.8 77.4
-93.3 77.6
-999.0 -999.0
-96.6 80.0
-94.3 79.8
-95.8 79.5
-95.2 79.3
-90.4 79.2
-94.3 79.0
-91.6 78.6
-93.0 78.5
-92.0 78.2
-88.8 78.2
-88.2 79.0
-84.9 79.3
-93.3 81.4
-95.5 80.8
-93.8 80.5
-96.7 80.3
-94.4 80.0
-96.6 80.0
-999.0 -999.0
150.8 75.2
146.4 75.6
146.1 75.2
149.2 74.8
150.8 75.2
-999.0 -999.0
148.0 -43.2
147.3 -42.8
146.9 -43.6
146.0 -43.6
144.7 -40.7
148.2 -40.8
148.0 -43.2
-999.0 -999.0
-180.0 -16.1
-180.0 -16.2
-999.0 -999.0
130.9 -3.6
129.5 -2.8
128.2 -2.9
127.8 -3.2
130.9 -3.6
-999.0 -999.0
119.7 10.6
119.5 11.4
117.2 8.3
118.4 9.2
119.7 10.6
-999.0 -999.0
-123.3 48.5
-125.5 50.3
-128.4 50.8
-125.6 49.0
-124.8 49.2
-125.1 48.7
-123.3 48.5
-999.0 -999.0
-119.3 76.2
-117.9 76.8
-117.1 76.3
-115.4 77.3
-119.2 77.3
-123.0 76.1
-119.3 76.2
-999.0 -999.0
111.0 19.7
109.3 19.9
108.7 18.5
109.7 18.2
111.0 19.7
-999.0 -999.0
15.5 38.3
12.7 38.2
12.4 37.8
15.1 36.7
15.5 38.3
-999.0 -999.0
107.3 21.0
108.5 21.9
109.6 21.8
110.3 20.3
110.4 21.4
113.6 22.2
113.4 23.1
114.3 22.3
116.5 23.0
119.7 25.4
119.1 26.1
120.0 26.4
119.6 26.7
119.8 26.5
120.1 26.6
120.6 28.1
121.7 28.3
121.5 28.7
121.3 28.7
121.1 28.8
122.1 29.9
120.1 30.2
121.9 31.0
120.7 32.0
120.5 32.0
120.2 31.9
120.0 32.0
119.6 32.4
121.8 31.9
119.2 34.9
120.1 36.2
122.7 37.4
120.7 37.8
119.1 37.2
117.7 39.1
118.9 39.1
121.2 40.9
122.3 40.5
121.2 38.7
124.4 40.1
125.7 38.6
124.7 38.1
126.7 37.8
127.0 37.0
126.1 36.8
126.9 36.1
126.5 34.3
129.0 35.0
129.4 37.1
127.5 39.7
129.7 40.8
129.8 41.7
131.8 43.3
133.2 42.7
135.1 43.5
140.4 49.4
-999.0 -999.0
92.1 75.7
86.0 74.8
87.7 73.9
85.8 73.4
86.7 73.2
86.8 73.0
85.8 73.3
85.8 73.5
87.1 73.9
80.5 73.6
80.7 72.5
83.6 71.6
83.1 70.1
82.9 71.0
82.1 70.6
83.3 71.7
79.4 72.4
76.0 71.9
79.0 70.9
75.3 71.4
75.8 72.3
75.0 72.9
75.0 72.1
73.0 71.4
74.3 70.7
73.8 69.2
76.0 69.2
77.6 68.9
78.2 68.3
77.5 67.8
79.1 67.6
77.1 67.8
77.3 68.5
76.1 69.0
74.5 68.7
74.7 67.7
72.3 66.3
69.1 66.6
71.6 66.7
73.6 68.5
72.6 68.9
72.8 70.9
71.8 71.5
72.8 72.7
71.6 72.9
69.4 73.0
66.6 71.1
67.3 70.8
66.8 69.6
69.2 69.0
68.7 68.3
63.6 69.6
-999.0 -999.0
54.7 41.0
53.7 42.1
52.9 41.1
52.7 42.7
50.2 44.4
51.6 44.5
51.0 44.9
51.4 45.4
53.3 45.3
53.1 46.9
49.3 46.6
46.7 44.7
47.7 43.9
47.7 42.7
50.4 40.4
48.9 39.1
49.2 37.6
51.9 36.6
54.0 36.8
54.0 38.9
52.7 40.3
52.9 41.1
54.7 41.0
-999.0 -999.0
50.3 45.0
50.3 45.1
50.3 45.1
50.3 45.0
50.3 45.0
-999.0 -999.0
50.2 44.8
50.1 44.8
50.0 44.9
50.1 45.1
50.2 44.8
-999.0 -999.0
50.4 40.4
50.4 40.4
50.3 40.5
50.4 40.5
50.4 40.4
-999.0 -999.0
50.6 40.3
50.6 40.3
50.6 40.3
50.6 40.3
50.6 40.3
-999.0 -999.0
53.5 39.6
53.5 39.6
53.5 39.5
53.5 39.5
53.5 39.6
-999.0 -999.0
53.0 39.1
53.1 39.1
53.1 38.8
53.0 38.9
53.0 39.1
-999.0 -999.0
59.9 -67.4
56.2 -67.4
56.7 -66.9
56.0 -66.6
57.3 -66.6
52.2 -66.0
50.3 -66.4
50.9 -67.2
48.4 -67.0
49.4 -67.2
48.4 -68.0
46.5 -67.3
39.9 -68.8
39.0 -70.2
35.2 -69.7
33.2 -68.7
32.5 -68.9
32.7 -70.0
26.4 -71.0
13.0 -70.0
11.9 -70.8
7.5 -70.2
-0.5 -71.8
-6.1 -71.4
-6.0 -70.7
-7.9 -70.8
-7.6 -71.6
-8.4 -71.7
-10.3 -70.9
-10.8 -71.6
-12.4 -71.4
-10.8 -71.8
-11.4 -72.4
-16.5 -73.5
-14.4 -73.9
-17.6 -74.4
-18.9 -75.2
-18.3 -75.5
-28.9 -76.4
-34.3 -77.5
-36.4 -78.6
-22.5 -79.9
-38.8 -80.9
-45.5 -82.5
-46.7 -82.4
-46.3 -81.9
-51.7 -82.1
-999.0 -999.0
-51.7 -82.1
-61.0 -83.5
-62.8 -82.5
-60.4 -82.2
-66.3 -81.9
-62.2 -81.6
-70.8 -80.6
-75.6 -80.9
-74.9 -80.8
-76.3 -80.1
-79.7 -80.0
-76.1 -79.4
-80.5 -79.6
-83.9 -78.4
-77.3 -78.6
-81.7 -77.8
-80.8 -77.7
-75.0 -78.2
-74.1 -78.1
-72.7 -77.6
-75.5 -77.5
-77.0 -77.0
-77.7 -76.5
-70.0 -76.7
-61.0 -74.5
-62.0 -74.2
-60.8 -73.6
-62.1 -73.1
-60.7 -73.4
-59.9 -72.9
-61.4 -72.6
-60.7 -72.0
-62.4 -71.9
-60.8 -71.8
-62.1 -71.6
-60.9 -71.2
-63.9 -69.0
-62.9 -68.4
-65.2 -68.6
-64.8 -68.1
-65.8 -68.2
-65.6 -67.4
-63.8 -66.9
-63.8 -66.2
-61.0 -66.3
-60.5 -66.0
-62.0 -66.1
-62.2 -65.3
-56.8 -63.6
-57.3 -63.2
-63.9 -65.0
-63.8 -65.6
-66.5 -66.7
-66.5 -67.3
-67.5 -67.1
-67.6 -67.5
-66.5 -67.5
-67.5 -68.8
-66.8 -69.1
-68.8 -69.4
-66.8 -72.1
-68.8 -73.1
-77.1 -73.9
-76.7 -73.5
-80.5 -73.0
-80.2 -73.4
-82.1 -73.9
-89.3 -72.6
-91.1 -73.3
-103.4 -72.8
-98.8 -73.6
-103.0 -73.6
-98.4 -75.2
-101.1 -75.4
-111.4 -75.2
-110.1 -74.5
-111.6 -74.2
-111.5 -74.8
-114.2 -75.1
-113.2 -74.4
-114.2 -73.9
-114.9 -74.5
-121.8 -74.8
-135.4 -74.6
-141.3 -75.5
-140.6 -75.8
-146.5 -76.1
-145.4 -76.4
-149.7 -76.4
-145.5 -76.8
-146.4 -77.0
-145.5 -77.5
-158.3 -77.1
-158.3 -78.0
-153.8 -78.2
-156.5 -78.7
-147.1 -79.9
-151.0 -80.4
-147.6 -80.9
-157.1 -81.3
-153.8 -81.7
-154.8 -81.9
-152.5 -82.5
-159.2 -83.5
-174.4 -82.8
-163.0 -84.4
-166.4 -84.4
-155.5 -85.1
-180.0 -84.4
-999.0 -999.0
-48.5 -0.6
-50.4 -0.1
-50.8 -1.4
-49.2 -1.6
-48.5 -0.6
-999.0 -999.0
-72.9 66.7
-72.2 67.3
-73.0 68.2
-74.8 69.1
-76.6 68.7
-75.6 69.2
-78.8 70.6
-79.6 70.4
-78.8 69.9
-85.8 70.0
-88.9 70.5
-89.6 71.1
-87.0 71.0
-90.1 71.9
-88.7 73.4
-85.1 73.8
-86.7 72.7
-86.4 72.0
-84.8 71.3
-85.2 71.3
-86.8 71.0
-84.8 70.9
-84.6 71.7
-85.3 71.7
-85.6 71.9
-86.0 72.0
-86.1 72.0
-84.2 72.0
-85.7 72.9
-84.0 72.8
-85.5 73.1
-81.5 73.7
-80.2 72.7
-81.4 72.2
-80.5 72.5
-81.0 71.9
-79.8 72.5
-77.7 71.8
-78.9 72.2
-77.0 72.1
-78.6 72.4
-77.6 72.8
-75.2 72.5
-76.4 71.9
-74.2 72.1
-75.4 71.5
-73.6 71.8
-74.3 71.4
-73.4 71.0
-72.5 71.7
-71.1 71.3
-72.6 70.6
-70.6 71.1
-72.0 70.4
-71.2 70.5
-71.5 70.0
-71.0 70.6
-69.9 70.9
-69.8 70.9
-70.4 70.6
-70.5 70.5
-68.4 70.6
-68.5 70.4
-69.8 70.2
-70.5 69.8
-67.8 70.3
-67.1 69.7
-70.0 69.5
-66.8 69.3
-69.4 68.9
-66.7 68.4
-67.4 68.4
-67.8 68.3
-67.9 68.3
-65.9 68.2
-66.0 67.6
-65.8 68.0
-64.7 68.0
-65.1 67.9
-65.2 67.6
-63.9 67.3
-64.8 67.4
-64.0 67.3
-64.6 67.1
-64.7 67.0
-61.3 66.6
-62.9 66.3
-62.0 66.0
-62.3 66.0
-62.9 66.2
-63.1 66.1
-62.3 65.8
-62.7 65.6
-63.5 65.9
-63.5 64.9
-65.5 65.8
-64.4 66.4
-68.8 66.2
-64.7 64.0
-64.5 63.3
-64.7 63.3
-64.9 63.6
-65.3 63.8
-64.6 62.9
-65.2 62.6
-69.0 63.8
-66.1 61.9
-71.4 63.1
-72.1 63.4
-71.6 63.4
-71.2 63.6
-73.3 64.7
-76.7 64.2
-78.3 64.7
-77.4 65.5
-75.3 64.7
-75.9 65.3
-73.5 65.5
-74.5 66.1
-72.9 66.7
-999.0 -999.0
-79.6 75.0
-81.1 75.8
-88.9 75.4
-91.1 75.8
-90.2 76.1
-90.9 76.1
-91.6 76.3
-89.2 76.2
-91.6 76.5
-90.9 76.6
-97.0 76.7
-93.1 76.3
-91.5 74.6
-79.6 75.0
-999.0 -999.0
-61.1 82.3
-77.1 83.0
-75.4 82.6
-80.2 82.9
-78.5 82.7
-82.7 82.4
-79.9 82.0
-79.2 81.8
-84.7 82.5
-86.9 82.2
-84.8 82.0
-84.6 81.9
-92.0 81.7
-89.6 81.6
-90.5 81.4
-88.3 81.6
-87.2 81.5
-90.4 81.2
-89.8 81.0
-84.7 81.3
-89.5 80.9
-87.7 80.6
-85.8 81.0
-82.4 81.2
-86.7 80.6
-85.1 80.5
-76.7 81.4
-78.9 80.9
-76.5 80.9
-80.0 80.6
-78.1 80.6
-83.2 80.3
-79.8 79.7
-80.6 79.6
-86.5 80.3
-83.4 79.1
-84.8 79.0
-81.5 79.0
-86.9 78.7
-87.5 78.1
-84.6 78.6
-85.0 78.2
-84.4 78.2
-84.0 78.2
-85.7 77.9
-85.5 77.9
-84.5 77.9
-84.3 77.9
-85.4 77.8
-84.8 77.5
-83.7 77.5
-82.8 78.0
-82.3 78.1
-83.5 77.3
-84.5 77.3
-88.2 77.9
-86.6 77.2
-88.5 77.1
-89.7 76.6
-82.1 76.4
-82.7 76.8
-81.1 76.1
-77.7 76.8
-81.9 77.2
-81.2 77.3
-81.7 77.4
-81.9 77.7
-78.7 77.3
-77.7 77.6
-78.2 78.0
-75.0 78.3
-76.7 78.5
-74.6 78.6
-78.9 79.1
-74.4 79.1
-78.1 79.4
-71.1 79.8
-70.5 80.1
-72.3 80.1
-72.4 80.2
-64.4 81.5
-70.0 81.1
-70.2 81.2
-66.6 81.5
-68.6 81.5
-69.3 81.7
-61.1 82.3
-999.0 -999.0
46.7 80.5
47.7 80.8
48.8 80.7
47.5 80.9
44.9 80.6
46.7 80.5
-999.0 -999.0
-96.3 72.5
-98.4 72.9
-96.9 73.7
-97.8 73.9
-100.9 73.8
-100.4 73.4
-101.6 73.5
-99.8 73.2
-102.8 72.8
-98.7 71.3
-96.3 72.5
-999.0 -999.0
119.2 -8.6
117.9 -8.1
118.3 -8.6
117.2 -8.4
116.7 -9.0
119.2 -8.6
-999.0 -999.0
123.0 -8.3
120.4 -8.2
119.8 -8.7
121.8 -8.9
123.0 -8.3
-999.0 -999.0
124.5 -9.2
123.5 -10.4
127.3 -8.4
125.2 -8.6
124.5 -9.2
-999.0 -999.0
154.7 -5.2
154.6 -5.0
154.6 -5.5
154.7 -5.4
154.7 -5.2
-999.0 -999.0
121.9 25.0
121.1 25.1
120.1 23.6
120.7 21.9
121.9 25.0
-999.0 -999.0
131.7 32.5
132.0 33.1
131.0 34.0
129.6 33.4
129.7 32.6
130.6 32.8
130.1 31.4
130.8 31.7
130.7 31.0
131.7 32.5
-999.0 -999.0
134.7 33.8
133.9 34.4
132.0 33.3
133.0 32.7
134.7 33.8
-999.0 -999.0
133.4 34.4
130.9 33.9
133.1 35.6
136.1 35.7
136.8 37.4
137.4 37.5
137.3 36.7
138.6 37.4
140.0 39.4
139.9 40.6
141.5 41.4
142.1 39.5
141.0 38.2
140.4 35.2
139.8 34.9
139.8 35.6
138.8 34.6
136.8 35.1
135.8 33.4
135.1 33.9
135.4 34.7
133.4 34.4
-999.0 -999.0
145.8 43.4
145.3 44.3
143.7 44.1
141.9 45.5
141.4 43.3
140.4 43.3
139.8 42.3
140.2 41.4
141.2 41.8
140.5 42.6
143.2 41.9
145.8 43.4
-999.0 -999.0
142.5 54.3
142.3 54.3
142.8 53.7
141.8 53.4
141.6 52.3
142.3 51.1
142.1 45.9
142.6 46.7
143.4 46.0
143.6 46.4
142.5 47.8
143.3 49.4
144.8 48.6
143.2 51.5
143.0 54.1
142.5 54.3
-999.0 -999.0
51.4 71.8
53.3 73.2
56.4 73.2
55.2 71.9
57.6 70.7
53.5 70.8
54.0 71.5
51.4 71.8
-999.0 -999.0
57.0 74.7
53.6 73.8
56.7 73.2
57.6 73.7
56.6 73.9
58.7 74.2
58.2 74.6
69.0 76.7
61.1 76.3
55.7 75.1
57.0 74.7
-999.0 -999.0
119.3 5.3
117.5 5.9
117.7 6.5
116.8 7.0
115.4 4.9
111.4 2.7
111.4 1.4
109.3 1.9
108.9 0.3
110.3 -3.0
114.4 -3.2
114.7 -4.2
116.0 -3.6
117.9 1.1
119.0 1.0
117.0 3.6
119.3 5.3
-999.0 -999.0
100.9 1.8
103.0 0.7
102.5 0.2
103.7 0.3
103.3 -0.7
104.4 -1.0
104.5 -2.8
104.9 -2.3
106.0 -3.0
105.7 -5.9
104.6 -5.9
102.3 -4.0
98.8 1.7
95.2 5.6
97.5 5.2
100.9 1.8
-999.0 -999.0
109.9 -7.8
109.9 -7.8
109.9 -7.9
110.0 -7.9
110.3 -8.0
110.3 -8.0
110.5 -8.1
111.0 -8.3
114.6 -8.7
114.4 -7.8
111.0 -6.4
108.9 -6.8
106.1 -5.9
105.2 -6.8
109.9 -7.8
-999.0 -999.0
119.8 -0.9
119.6 0.0
120.8 1.3
123.9 0.8
125.2 1.7
124.3 0.4
120.2 0.2
120.7 -1.4
121.6 -0.8
123.5 -0.8
121.3 -1.8
122.9 -4.4
121.6 -4.7
120.6 -2.7
120.5 -5.6
119.7 -5.7
118.8 -2.8
119.8 -0.9
-999.0 -999.0
139.2 -7.0
138.1 -5.4
133.7 -3.7
133.9 -2.9
132.9 -4.1
132.0 -2.8
133.7 -2.7
133.9 -2.1
132.3 -2.3
131.0 -1.4
131.2 -0.8
134.0 -0.7
135.1 -3.4
137.9 -1.5
144.5 -3.8
145.8 -5.5
147.8 -6.3
146.9 -6.9
148.6 -9.1
150.9 -10.2
147.7 -10.1
146.1 -8.1
144.5 -7.5
142.1 -8.2
143.4 -9.0
141.2 -9.2
140.2 -7.9
138.9 -8.3
138.7 -7.2
139.2 -7.2
139.2 -7.2
138.6 -6.9
139.2 -7.0
-999.0 -999.0
122.3 18.4
122.3 18.4
122.3 18.4
122.3 18.3
122.3 18.3
122.2 18.1
122.2 17.6
122.5 17.1
121.4 15.3
121.9 14.0
122.7 14.4
123.9 13.8
123.5 13.6
124.2 13.1
124.1 12.5
122.5 14.0
122.6 13.2
120.6 13.8
120.9 14.7
119.9 15.4
120.6 18.5
122.3 18.4
-999.0 -999.0
126.6 7.3
125.5 9.8
125.5 9.0
123.7 8.0
123.8 8.5
123.4 8.7
121.9 7.1
123.7 7.8
124.2 6.2
125.4 5.6
125.7 7.3
126.2 6.3
126.6 7.3
-999.0 -999.0
172.5 -43.3
174.3 -41.0
173.1 -41.3
173.0 -40.5
172.6 -40.5
171.0 -43.0
168.4 -44.0
166.5 -46.0
169.7 -46.5
170.8 -45.9
171.4 -44.0
173.1 -43.9
172.5 -43.3
-999.0 -999.0
176.9 -39.7
176.0 -41.2
174.6 -41.3
175.4 -40.2
173.8 -39.3
174.6 -38.8
174.9 -37.1
174.5 -37.0
172.7 -34.4
174.4 -35.2
174.7 -36.9
175.6 -37.3
175.4 -36.5
175.5 -36.5
177.1 -38.0
178.6 -37.7
176.9 -39.7
-999.0 -999.0
-14.6 66.4
-14.6 66.4
-14.6 66.4
-15.0 66.3
-15.2 66.1
-13.6 65.5
-13.8 64.8
-18.7 63.4
-22.7 63.8
-21.5 64.7
-24.1 64.9
-21.7 65.5
-24.5 65.5
-22.4 65.9
-23.0 66.5
-21.3 66.0
-21.8 65.8
-21.1 65.2
-20.4 66.1
-18.1 65.6
-18.3 66.2
-14.6 66.4
-999.0 -999.0
-180.0 65.1
-179.3 65.5
-179.8 65.8
-179.7 66.2
-178.5 66.4
-178.6 65.5
-176.1 65.5
-173.2 64.3
-172.1 65.1
-172.9 65.7
-169.7 66.1
-173.7 67.1
-174.7 67.1
-173.8 66.4
-174.5 66.3
-175.3 67.7
-180.0 69.0
-999.0 -999.0
-6.1 53.5
-6.4 52.2
-10.4 51.8
-8.7 52.7
-9.9 52.6
-8.9 53.2
-10.2 53.4
-9.6 53.9
-10.1 54.2
-8.5 54.2
-8.3 55.2
-6.0 55.2
-5.4 54.5
-6.4 54.0
-6.1 53.5
-999.0 -999.0
-3.3 56.4
-3.3 56.4
-3.2 56.4
-2.9 56.5
-2.6 56.3
-3.8 56.1
-2.1 55.9
-0.1 54.1
-0.2 54.0
0.1 53.6
0.1 53.6
0.1 53.6
-0.3 53.7
-0.6 53.7
-0.7 53.7
0.2 53.4
0.0 52.9
1.7 52.7
0.4 51.5
1.4 51.2
-5.7 50.1
-4.2 51.2
-3.0 51.2
-2.4 51.8
-5.2 51.7
-3.9 52.5
-4.8 52.8
-4.2 53.2
-3.1 53.4
-2.9 53.3
-2.7 53.4
-3.6 54.5
-3.0 55.0
-5.2 54.9
-4.8 56.2
-5.8 55.3
-5.0 56.7
-6.2 56.7
-5.4 57.1
-5.8 57.8
-5.1 57.8
-5.0 58.6
-3.0 58.6
-4.4 57.6
-1.8 57.5
-3.3 56.4
-999.0 -999.0
-40.5 82.6
-45.8 82.8
-42.3 82.2
-44.6 82.3
-44.7 81.8
-51.1 82.5
-49.4 81.9
-59.5 82.0
-58.5 81.9
-58.1 81.7
-57.7 81.7
-56.5 81.3
-56.5 81.3
-61.3 81.8
-60.9 81.2
-67.5 80.3
-63.8 80.2
-65.8 79.1
-73.1 78.2
-66.1 77.5
-71.4 77.0
-68.0 76.7
-69.6 76.4
-68.4 76.1
-58.4 75.7
-56.1 74.5
-57.3 74.1
-56.1 74.3
-55.1 73.4
-55.7 73.1
-54.3 72.5
-55.5 72.5
-55.7 72.5
-54.4 72.2
-55.5 71.4
-53.9 71.5
-53.9 72.4
-51.7 71.7
-53.0 71.4
-51.4 71.5
-52.6 71.2
-51.6 71.4
-52.2 71.1
-50.5 70.4
-52.8 70.8
-54.2 70.8
-54.6 70.7
-50.2 70.0
-51.1 69.2
-50.4 69.3
-50.2 69.0
-53.4 68.3
-50.1 67.9
-50.6 67.9
-51.2 68.1
-52.4 68.1
-53.1 68.2
-53.3 68.2
-52.1 68.0
-53.2 68.0
-53.7 67.5
-52.8 67.8
-51.6 68.0
-52.3 67.8
-51.0 68.0
-49.9 67.7
-54.0 67.1
-52.2 66.8
-53.5 66.1
-51.2 66.9
-50.9 67.0
-50.7 67.0
-50.6 67.0
-50.3 67.1
-50.0 67.0
-53.5 66.0
-51.7 66.1
-53.3 65.8
-52.5 65.4
-52.0 65.7
-51.4 65.8
-50.9 65.8
-50.6 65.7
-52.6 65.3
-51.2 65.0
-52.0 64.2
-50.6 64.8
-51.0 65.2
-50.0 64.9
-49.6 64.3
-50.5 64.7
-51.8 64.2
-50.4 64.4
-50.0 64.2
-51.7 64.0
-50.5 63.7
-51.2 63.4
-50.3 63.4
-51.1 63.3
-50.1 63.2
-50.4 62.8
-50.2 63.0
-49.7 63.1
-50.3 62.5
-48.8 62.1
-49.4 61.9
-49.4 61.8
-47.9 61.3
-48.2 60.8
-45.7 61.3
-46.1 60.9
-45.2 61.2
-46.2 60.7
-45.4 61.0
-45.3 60.9
-45.9 60.7
-45.9 60.5
-44.5 60.6
-45.2 60.1
-43.1 60.1
-44.2 60.6
-43.2 60.5
-42.7 60.7
-43.6 61.1
-42.6 61.1
-43.2 61.3
-42.1 62.0
-43.0 62.5
-42.3 62.4
-42.2 62.4
-43.2 62.8
-40.5 63.7
-41.6 64.3
-40.4 64.4
-41.1 65.1
-38.2 65.6
-37.9 66.4
-37.2 66.3
-37.9 65.9
-36.0 66.0
-999.0 -999.0
-36.0 66.0
-32.1 67.9
-32.5 68.6
-29.4 68.2
-22.1 70.1
-28.5 70.0
-26.3 70.4
-29.2 70.4
-28.4 71.0
-25.4 71.4
-28.5 71.6
-27.3 71.7
-28.6 72.1
-24.6 71.4
-23.3 70.4
-21.5 70.5
-22.3 71.1
-21.8 71.5
-22.5 71.3
-21.9 71.7
-27.4 72.8
-25.1 73.1
-27.7 73.1
-24.7 73.5
-25.6 73.8
-25.7 74.0
-20.5 73.4
-20.3 73.9
-21.8 73.7
-22.5 74.3
-19.0 74.5
-21.1 74.7
-20.7 75.1
-21.8 75.0
-22.4 75.2
-20.5 75.1
-22.3 75.7
-19.6 75.1
-19.3 75.7
-22.7 76.7
-18.5 76.7
-18.5 77.3
-19.3 77.2
-20.9 77.5
-19.1 77.7
-22.0 77.7
-21.0 78.8
-18.9 79.2
-20.2 80.1
-15.8 80.4
-20.8 80.6
-11.4 81.5
-19.7 81.7
-23.9 80.6
-21.1 81.9
-32.8 81.8
-21.3 82.6
-35.6 82.9
-25.6 83.3
-32.5 83.6
-38.9 83.4
-36.9 83.2
-39.1 83.0
-38.5 82.8
-38.6 82.7
-46.9 83.0
-40.3 82.7
-39.8 82.4
-40.5 82.6
-999.0 -999.0
24.2 40.8
24.0 40.0
22.6 40.5
23.3 39.2
22.5 38.9
24.1 37.8
23.0 37.9
23.2 36.4
22.5 36.4
21.1 37.9
23.2 38.2
21.1 38.3
19.3 40.4
19.6 41.8
13.1 45.8
12.2 45.3
12.4 44.2
18.5 40.1
16.9 40.4
16.5 39.8
17.2 39.0
16.1 37.9
15.6 40.1
8.8 44.4
6.4 43.1
3.1 43.1
3.2 41.9
0.7 40.8
-0.3 39.5
0.2 38.7
-2.1 36.7
-5.6 36.0
-6.9 37.3
-9.0 37.0
-8.8 39.1
-9.5 38.8
-8.6 42.3
-9.2 43.2
-7.7 43.8
-1.9 43.3
-1.1 45.6
-0.5 44.9
-0.5 45.0
-2.1 46.8
-1.7 47.2
-4.4 47.8
-4.7 48.6
-1.4 48.6
-1.9 49.7
-1.1 49.3
-0.2 49.3
0.5 49.5
1.7 50.9
4.3 51.3
3.4 51.5
4.3 51.4
3.9 51.8
5.6 53.3
9.8 53.5
8.6 54.3
8.1 56.1
9.9 57.1
8.2 56.7
8.6 57.1
9.4 57.2
10.0 57.6
10.2 57.6
10.5 57.7
10.6 57.7
9.8 56.6
11.0 56.4
9.6 55.7
9.4 54.8
10.9 54.0
12.5 54.5
12.4 54.3
14.6 53.6
13.8 54.2
18.2 54.8
19.0 54.3
-999.0 -999.0
13.8 -11.1
11.8 -15.8
11.8 -18.0
14.5 -22.5
15.1 -26.7
18.2 -31.7
18.3 -34.2
20.0 -34.8
26.5 -33.8
30.1 -31.2
32.4 -28.5
32.5 -26.0
35.5 -24.1
34.5 -19.6
40.6 -15.5
40.5 -11.5
-999.0 -999.0
42.7 -0.2
47.9 4.5
51.4 10.5
51.3 11.8
44.6 10.4
42.5 11.5
43.3 12.5
39.7 15.1
34.9 25.1
-999.0 -999.0
40.5 -11.5
38.8 -6.0
40.2 -2.7
42.7 -0.2
-999.0 -999.0
4.6 6.2
5.9 4.3
8.2 5.0
9.8 4.1
9.3 0.5
10.0 0.2
8.7 -0.6
12.3 -5.9
13.2 -5.9
12.3 -6.1
13.8 -11.1
-999.0 -999.0
19.0 54.3
21.1 55.7
20.5 55.0
21.2 54.9
21.0 56.5
21.7 57.6
24.4 57.2
24.6 58.3
23.7 58.3
23.5 59.2
30.2 59.9
28.7 60.7
22.9 59.8
23.1 60.4
21.4 60.6
21.1 62.8
25.4 64.8
24.7 65.9
21.8 65.7
20.7 63.8
17.7 63.0
17.2 60.7
19.1 59.8
16.0 59.5
18.6 59.3
16.2 58.6
16.9 58.5
16.4 58.5
16.5 56.8
14.2 55.4
12.8 55.4
12.9 56.5
10.7 59.9
8.1 58.1
5.6 58.6
6.5 59.6
5.5 59.3
5.2 59.5
7.1 60.5
5.7 60.0
5.0 61.0
7.1 60.9
7.7 61.2
5.2 61.1
5.8 61.5
5.0 61.7
5.4 61.9
5.9 61.7
6.8 61.9
6.5 61.8
6.0 61.9
5.4 61.9
5.2 61.9
5.1 62.2
6.7 62.5
7.0 62.1
7.0 62.1
7.1 62.1
7.2 62.1
7.4 62.2
6.8 62.5
6.2 62.5
6.2 62.6
10.9 63.5
11.5 64.0
9.5 63.8
12.9 65.3
12.2 65.2
13.2 65.9
12.7 66.1
13.8 66.1
14.1 66.3
13.0 66.2
13.5 66.9
15.7 67.2
14.3 67.2
15.9 67.6
14.8 67.8
17.9 68.4
16.5 68.5
18.2 69.5
22.1 69.7
21.6 70.3
23.3 69.9
24.7 71.0
25.9 70.9
25.1 70.5
25.3 70.5
25.0 70.2
25.0 70.1
28.2 71.1
28.0 70.1
28.8 70.9
31.1 70.4
28.6 70.2
29.5 69.7
32.1 70.0
33.5 69.4
33.5 69.2
33.1 69.1
33.0 69.0
35.9 69.2
41.0 67.7
41.2 66.8
38.6 66.1
34.5 66.5
32.9 67.1
32.4 67.2
31.9 67.2
34.8 65.9
34.3 65.4
34.7 64.6
36.4 64.0
-999.0 -999.0
35.8 46.6
34.9 45.9
36.5 45.1
33.7 44.4
32.5 45.4
33.8 45.9
31.8 46.3
31.5 46.6
32.3 46.5
32.6 46.6
31.7 47.3
31.9 46.6
31.4 46.8
29.6 45.8
29.6 44.8
28.9 44.9
27.5 42.5
29.0 41.0
26.2 40.0
26.8 40.7
24.2 40.8
-999.0 -999.0
47.9 29.6
47.9 30.1
49.2 30.5
51.5 27.9
53.7 26.7
56.8 27.1
57.3 25.8
61.6 25.2
-999.0 -999.0
35.8 46.6
39.3 47.3
37.7 46.7
38.6 46.1
37.7 45.3
36.6 45.2
41.4 42.7
41.7 41.7
38.3 40.9
33.3 42.0
31.2 41.1
29.2 41.2
29.9 40.7
29.1 40.4
26.7 40.4
26.1 39.5
26.9 39.6
27.2 38.4
26.2 38.3
27.2 38.0
27.3 37.0
28.3 37.0
27.4 36.7
29.7 36.1
30.7 36.9
32.8 36.0
36.1 36.9
36.0 34.6
34.9 32.4
-999.0 -999.0
63.6 69.6
60.7 69.8
60.1 69.6
61.0 68.9
59.7 68.3
58.9 69.0
53.2 68.3
54.6 69.0
53.4 68.9
46.4 66.7
44.9 67.4
46.7 67.8
46.0 68.5
43.3 68.7
44.4 68.1
43.8 67.3
44.5 66.9
44.2 65.9
42.2 66.5
39.7 65.6
40.5 64.5
37.0 65.2
36.6 64.7
38.1 64.0
36.4 64.0
-999.0 -999.0
-15.8 11.9
-15.8 11.9
-15.8 11.9
-15.8 11.9
-999.0 -999.0
34.9 32.4
33.9 31.2
31.1 31.6
29.0 30.8
21.7 33.0
20.1 32.2
20.1 31.0
19.3 30.3
-999.0 -999.0
34.9 25.1
32.6 29.0
32.3 29.6
32.6 30.0
34.2 27.7
35.0 29.5
34.6 28.1
38.5 23.8
39.2 21.1
42.7 16.7
43.5 12.7
45.1 12.8
55.0 17.0
57.8 19.0
57.9 20.3
59.8 22.3
56.6 24.5
56.5 26.4
54.1 24.1
51.3 24.3
51.6 25.9
51.0 26.0
50.8 24.7
47.9 29.6
-999.0 -999.0
19.3 30.3
10.2 33.8
11.1 35.2
10.5 36.2
11.0 37.1
3.0 36.8
-2.0 35.1
-4.6 35.2
-5.4 35.9
-6.9 33.9
-9.3 32.6
-9.8 29.8
-13.0 27.9
-16.0 23.7
-17.1 20.9
-16.2 20.2
-16.0 17.7
-17.5 14.8
-16.4 14.2
-16.5 13.4
-16.3 13.3
-16.2 13.5
-15.6 13.5
-15.3 13.5
-16.4 13.2
-16.7 13.5
-16.8 12.6
-16.6 12.8
-16.4 12.6
-16.3 12.6
-16.1 12.6
-16.0 12.7
-15.6 12.6
-15.5 12.8
-15.5 12.8
-15.4 12.8
-15.4 12.8
-15.4 12.8
-15.6 12.5
-16.8 12.4
-15.0 12.0
-15.5 11.3
-13.6 9.8
-12.5 7.4
-7.6 4.3
-4.0 5.2
-4.8 5.2
-4.7 5.3
-3.1 5.4
-2.0 4.8
3.5 6.6
4.6 6.2
-999.0 -999.0
32.0 31.5
32.0 31.5
32.0 31.5
32.0 31.5
-999.0 -999.0
33.0 31.1
33.0 31.1
33.0 31.1
33.0 31.1
-999.0 -999.0
34.7 28.3
34.7 28.3
34.7 28.3
34.7 28.3
-999.0 -999.0
32.2 31.1
32.2 31.1
32.2 31.1
32.2 31.1
-999.0 -999.0
32.1 31.1
32.2 31.1
32.1 31.1
32.1 31.1
-999.0 -999.0
152.8 70.8
148.8 71.7
150.1 71.9
149.6 72.1
144.9 71.7
146.9 72.3
140.7 72.9
139.1 72.2
140.2 72.2
139.3 71.9
140.0 71.5
134.7 71.3
132.7 71.9
131.0 70.7
127.7 72.4
128.9 72.1
129.5 72.1
127.9 72.7
129.1 73.1
124.4 73.8
122.7 72.8
113.5 73.5
114.0 73.3
113.6 73.3
113.5 73.0
113.2 72.8
114.1 72.6
113.2 72.7
113.1 72.9
113.5 73.0
113.4 73.6
112.8 74.0
110.0 74.0
109.5 73.8
110.9 73.7
105.1 72.8
113.7 75.4
112.3 75.8
113.9 75.9
111.1 76.8
104.1 77.1
106.3 77.4
104.8 77.7
100.9 76.9
102.2 76.4
98.8 76.5
99.9 76.1
99.9 75.9
99.6 75.8
92.1 75.7
-999.0 -999.0
140.4 49.4
141.6 52.2
140.7 53.1
141.4 53.3
139.8 54.3
137.3 53.5
137.7 54.3
136.8 53.8
136.8 54.6
135.2 54.9
143.2 59.4
149.6 59.8
152.3 59.2
151.3 58.8
153.2 59.1
-999.0 -999.0
153.2 59.1
155.2 59.2
154.2 59.9
157.5 61.8
160.4 62.0
160.1 60.6
163.3 61.7
163.2 62.5
164.4 62.7
165.7 62.5
164.1 62.3
163.7 60.9
156.7 57.7
155.5 55.4
156.7 50.9
158.3 52.0
158.4 53.0
160.1 53.1
160.1 54.2
162.1 54.8
161.7 55.5
162.4 56.4
163.4 56.2
162.7 57.4
163.3 57.8
161.9 58.1
163.6 60.0
169.2 60.6
170.3 59.9
177.0 62.9
179.1 62.3
179.6 62.7
178.3 63.6
178.8 63.6
178.4 64.0
178.6 64.0
178.2 64.4
174.4 64.7
180.0 65.1
-999.0 -999.0
180.0 69.0
170.5 70.1
170.1 69.6
171.2 69.0
170.6 68.7
167.8 69.8
164.0 69.8
161.7 69.5
161.6 68.9
161.1 68.6
160.8 68.5
161.4 69.0
161.0 69.6
159.8 69.8
160.1 70.3
159.2 70.8
152.8 70.8
-999.0 -999.0
134.2 -32.5
131.2 -31.5
129.2 -31.7
126.0 -32.3
123.5 -33.9
120.0 -33.9
117.9 -35.1
116.0 -34.8
115.0 -34.2
115.7 -31.8
113.1 -26.1
113.8 -26.5
113.4 -25.7
113.5 -25.5
114.1 -26.5
114.3 -26.0
113.4 -24.4
113.6 -22.6
116.8 -20.5
121.1 -19.5
122.9 -16.4
123.6 -17.6
123.6 -16.2
123.9 -16.4
123.9 -16.2
124.2 -16.4
124.4 -16.4
124.5 -16.4
124.8 -16.4
124.9 -16.4
124.4 -15.5
125.2 -15.5
126.1 -13.9
127.4 -13.9
128.0 -15.5
128.5 -14.8
129.7 -15.2
129.4 -14.3
130.6 -12.4
132.8 -12.1
131.8 -11.3
132.0 -11.1
135.2 -12.3
135.9 -11.8
136.0 -12.5
136.3 -12.4
136.2 -12.2
136.6 -11.9
137.0 -12.3
135.4 -14.7
137.9 -16.5
-999.0 -999.0
137.9 -16.5
140.0 -17.7
140.8 -17.4
142.6 -10.7
143.8 -14.4
145.3 -14.9
146.3 -19.0
148.8 -20.2
149.7 -22.5
150.7 -22.4
150.8 -23.5
152.9 -25.3
153.6 -28.9
150.0 -37.5
146.4 -39.1
144.7 -38.3
144.9 -37.9
143.5 -38.9
140.6 -38.0
139.4 -35.4
138.1 -35.6
138.1 -34.1
137.7 -35.1
136.8 -35.3
137.9 -33.6
137.8 -32.5
136.0 -35.0
134.2 -32.5
-999.0 -999.0
-70.7 43.1
-64.8 46.1
-64.5 45.7
-64.3 45.9
-64.3 45.8
-64.3 45.8
-64.9 45.3
-64.6 45.4
-63.4 45.4
-66.0 44.6
-65.7 43.5
-61.0 45.3
-64.6 46.2
-65.4 47.1
-64.8 47.8
-66.8 48.0
-64.2 48.5
-65.6 49.3
-68.8 48.4
-70.5 47.0
-71.2 46.8
-71.3 46.7
-71.7 46.6
-71.9 46.7
-72.2 46.5
-73.5 45.4
-74.7 45.0
-69.7 48.1
-71.1 48.4
-69.7 48.1
-66.4 50.3
-59.9 50.3
-55.9 51.9
-55.6 52.4
-55.8 52.5
-56.3 52.5
-56.5 52.6
-55.7 53.3
-58.0 54.2
-57.8 54.1
-58.8 53.9
-59.1 53.7
-59.9 53.5
-60.1 53.3
-60.4 53.3
-60.9 53.8
-57.4 54.6
-60.7 55.0
-60.3 55.8
-62.6 56.8
-61.4 57.1
-62.5 57.5
-61.9 57.6
-62.5 58.2
-63.3 58.0
-62.6 58.5
-63.6 58.3
-62.8 58.7
-64.0 59.0
-63.4 59.3
-64.5 60.3
-66.1 58.3
-66.4 58.9
-67.7 57.9
-68.0 58.6
-68.2 58.5
-68.3 58.1
-68.4 58.0
-69.4 57.8
-68.2 58.5
-70.3 58.8
-69.5 58.9
-69.6 59.9
-69.7 60.0
-70.6 60.0
-71.0 60.1
-69.6 60.1
-69.5 61.1
-71.6 61.2
-73.7 62.5
-77.5 62.6
-78.2 62.3
-77.5 61.5
-78.2 60.8
-77.5 60.8
-77.3 59.6
-78.6 58.6
-76.8 57.7
-76.5 56.3
-79.8 54.7
-78.4 52.2
-78.8 51.2
-79.3 51.7
-79.3 50.7
-81.0 51.0
-80.6 51.7
-82.3 53.0
-82.3 55.1
-85.4 55.0
-90.6 57.2
-92.9 56.9
-92.4 57.4
-93.2 58.7
-94.4 58.2
-95.0 59.1
-94.8 60.5
-92.8 62.2
-93.3 62.4
-90.6 63.1
-90.8 63.4
-92.5 63.5
-92.1 63.7
-93.6 63.9
-93.8 64.2
-90.2 63.6
-86.9 65.1
-91.5 65.9
-87.4 65.3
-85.9 66.2
-86.8 66.5
-83.7 66.2
-85.2 66.9
-83.4 66.4
-81.5 67.0
-82.7 68.4
-81.3 68.6
-82.1 68.9
-81.3 69.2
-85.6 69.9
-84.5 69.0
-87.5 67.1
-88.4 68.0
-88.0 68.8
-89.2 69.3
-90.1 68.3
-90.5 68.3
-91.4 69.4
-90.8 69.3
-90.3 69.5
-92.9 69.7
-91.5 70.2
-94.5 72.0
-96.5 71.3
-95.8 70.5
-96.6 70.2
-93.5 69.5
-94.6 68.8
-93.4 68.6
-95.5 68.1
-95.2 67.0
-95.3 66.9
-96.1 66.9
-95.6 66.7
-96.5 67.1
-95.3 67.0
-96.5 67.5
-95.9 68.3
-98.7 68.4
-97.1 67.7
-97.6 67.6
-102.6 67.8
-999.0 -999.0
-124.5 42.9
-123.7 38.9
-123.0 38.0
-122.5 37.8
-122.4 38.2
-121.7 38.1
-121.8 38.0
-121.7 38.1
-121.7 38.1
-121.6 38.1
-121.4 38.0
-122.5 37.5
-120.6 34.6
-117.4 33.2
-115.7 29.8
-114.1 28.5
-114.0 27.7
-114.3 27.9
-115.0 27.7
-113.1 27.0
-112.1 24.7
-110.0 22.9
-109.5 23.2
-114.6 30.0
-115.0 32.0
-113.1 31.2
-112.2 29.0
-107.3 24.2
-999.0 -999.0
-70.7 43.1
-71.0 42.3
-69.9 41.7
-74.0 40.7
-73.9 41.0
-73.9 41.2
-74.0 41.3
-74.4 39.4
-75.0 38.9
-75.6 39.6
-75.4 39.8
-75.1 39.9
-75.0 40.0
-75.4 39.8
-75.6 39.6
-75.0 38.5
-75.9 37.2
-76.4 38.9
-75.8 39.6
-76.6 39.3
-76.3 38.0
-77.1 38.9
-76.3 37.0
-76.9 37.3
-77.3 37.3
-76.0 36.9
-75.5 35.8
-75.9 36.7
-75.8 36.1
-76.7 36.3
-75.7 35.8
-77.1 35.5
-76.3 34.9
-80.9 32.5
-81.5 31.4
-80.0 26.8
-80.4 25.2
-81.7 25.9
-83.7 29.9
-85.3 29.7
-85.6 30.3
-88.0 30.2
-87.8 30.3
-88.0 30.7
-90.4 30.2
-89.4 30.0
-89.8 29.6
-89.0 29.2
-89.4 28.9
-91.8 29.8
-95.1 29.7
-97.8 27.5
-97.2 25.6
-999.0 -999.0
-80.5 9.1
-82.2 9.0
-83.8 11.1
-83.4 15.2
-85.0 16.0
-88.9 15.9
-86.8 21.4
-89.9 21.2
-91.5 18.4
-94.5 18.2
-95.9 18.7
-97.7 21.7
-97.2 25.6
-999.0 -999.0
-107.3 24.2
-105.2 21.5
-105.5 20.0
-103.5 18.3
-96.6 15.7
-94.1 16.2
-91.6 14.1
-87.4 13.4
-87.7 12.9
-85.7 11.1
-85.7 9.9
-84.7 10.0
-83.6 8.4
-81.1 7.9
-80.9 7.2
-80.0 7.5
-80.1 8.3
-999.0 -999.0
-56.7 -36.7
-58.2 -38.4
-62.4 -38.8
-62.3 -40.9
-65.1 -40.8
-65.0 -42.1
-63.8 -42.1
-63.6 -42.8
-64.9 -42.7
-64.3 -43.0
-65.6 -45.0
-67.6 -46.1
-65.8 -47.2
-66.4 -47.9
-65.8 -48.0
-67.8 -49.9
-68.7 -49.7
-69.0 -50.0
-68.4 -50.1
-69.6 -51.6
-68.4 -52.4
-70.9 -52.7
-71.3 -53.9
-72.5 -53.4
-71.2 -52.8
-72.6 -53.1
-72.2 -53.2
-72.6 -53.3
-72.4 -53.5
-73.3 -53.2
-72.7 -53.3
-73.0 -52.8
-71.5 -52.6
-72.9 -52.5
-72.7 -52.7
-73.0 -52.8
-73.0 -53.1
-73.5 -53.0
-72.9 -52.5
-73.7 -52.7
-73.7 -52.0
-72.5 -52.4
-72.5 -51.8
-72.7 -51.6
-73.1 -51.4
-72.6 -51.8
-73.3 -51.6
-72.9 -51.9
-73.4 -51.7
-73.3 -52.2
-73.6 -52.0
-74.3 -50.9
-73.8 -51.0
-73.6 -50.4
-74.0 -50.8
-74.7 -50.2
-73.7 -49.7
-74.7 -48.0
-73.2 -48.0
-74.7 -47.7
-74.0 -47.6
-74.1 -46.8
-75.7 -46.7
-74.4 -45.8
-73.9 -46.6
-72.8 -45.4
-73.5 -45.2
-72.6 -44.5
-73.3 -44.2
-72.4 -42.4
-72.9 -41.9
-72.3 -41.6
-72.3 -41.4
-73.8 -41.8
-74.0 -41.0
-73.2 -39.4
-73.6 -37.2
-72.5 -35.4
-999.0 -999.0
-72.5 -35.4
-70.4 -25.3
-70.3 -18.4
-75.9 -14.6
-78.1 -10.2
-999.0 -999.0
-51.1 3.5
-49.9 1.2
-52.7 -1.6
-50.8 -0.9
-50.4 -2.1
-49.4 -1.8
-49.6 -2.7
-47.3 -0.6
-44.9 -1.4
-44.8 -3.3
-44.1 -2.4
-40.0 -2.8
-37.2 -4.9
-35.4 -5.2
-34.8 -7.9
-38.1 -12.6
-38.9 -12.7
-39.1 -17.7
-41.0 -22.0
-42.0 -23.0
-44.4 -22.9
-48.7 -25.4
-48.8 -28.5
-50.7 -31.0
-52.1 -32.2
-50.6 -30.5
-51.3 -30.0
-54.1 -34.7
-57.8 -34.5
-58.2 -32.4
-58.5 -34.5
-56.7 -36.7
-999.0 -999.0
-80.5 9.1
-78.5 9.4
-76.8 7.9
-75.5 10.6
-71.7 12.5
-71.1 12.1
-72.0 11.6
-71.6 9.0
-71.0 9.7
-71.6 10.8
-69.8 11.4
-70.0 12.2
-68.1 10.5
-65.1 10.0
-63.7 10.5
-64.2 10.5
-64.3 10.7
-61.9 10.7
-63.0 10.1
-60.9 9.5
-61.6 8.6
-59.1 8.0
-58.7 6.4
-58.0 6.8
-57.2 5.5
-55.0 6.0
-52.9 5.5
-51.1 3.5
-999.0 -999.0
-78.1 -10.2
-79.7 -7.1
-81.2 -6.0
-81.4 -4.7
-79.7 -2.6
-79.8 -2.0
-80.3 -2.7
-81.0 -2.2
-80.1 0.8
-78.8 1.3
-77.0 3.9
-77.3 6.6
-78.4 8.1
-77.7 8.1
-79.0 9.1
-80.1 8.3
-999.0 -999.0
61.6 25.2
66.4 25.6
67.5 23.9
68.8 23.9
68.9 23.0
70.5 23.1
68.9 22.3
70.7 20.7
72.1 21.2
72.1 22.3
72.9 22.3
73.4 16.1
77.5 8.1
79.5 9.2
78.9 9.5
79.9 10.3
80.3 15.7
82.3 16.6
87.4 21.6
-999.0 -999.0
180.0 -84.4
160.6 -82.4
163.9 -82.2
159.5 -80.8
161.3 -80.8
159.8 -80.6
160.8 -80.4
158.2 -80.4
161.5 -79.9
159.5 -79.8
162.1 -79.1
161.6 -78.5
167.2 -78.6
163.8 -78.2
164.6 -77.9
162.3 -77.0
162.9 -76.4
162.1 -76.2
162.9 -75.8
160.6 -75.4
162.6 -75.2
163.5 -74.3
165.4 -74.6
164.4 -73.4
165.7 -73.9
167.9 -73.4
166.8 -73.4
166.3 -72.9
169.2 -73.3
169.9 -72.7
168.3 -72.4
170.2 -72.6
169.8 -72.2
171.0 -71.8
166.4 -70.6
162.1 -70.3
162.3 -71.1
159.8 -69.5
153.9 -68.3
151.6 -68.9
151.0 -68.3
147.1 -68.4
146.0 -67.6
143.9 -67.9
144.5 -67.0
135.3 -66.1
130.7 -66.1
129.1 -67.2
125.9 -66.3
113.7 -67.5
115.8 -66.8
113.2 -65.8
108.9 -67.0
102.7 -65.9
98.8 -66.9
92.0 -66.5
79.1 -68.1
75.8 -69.8
73.2 -69.9
71.5 -71.6
67.2 -73.3
66.3 -73.1
69.3 -70.4
67.2 -70.3
69.7 -69.3
69.6 -67.8
59.9 -67.4
-999.0 -999.0
-65.6 18.3
-66.1 18.5
-67.3 18.4
-67.2 17.9
-65.6 18.3
-999.0 -999.0
-76.3 18.0
-77.3 18.5
-78.4 18.3
-77.2 17.7
-76.3 18.0
-999.0 -999.0
-109.6 78.1
-111.8 78.1
-113.3 77.8
-112.0 77.3
-109.6 78.1
-999.0 -999.0
-109.3 78.5
-110.7 78.8
-113.3 78.3
-109.8 78.3
-109.3 78.5
-999.0 -999.0
-96.9 77.8
-95.1 78.0
-94.8 78.4
-98.4 78.8
-96.9 77.8
-999.0 -999.0
34.5 35.7
32.9 35.4
32.3 35.0
33.0 34.6
34.5 35.7
-999.0 -999.0
-163.1 54.7
-163.8 55.1
-165.0 54.6
-163.1 54.7
-999.0 -999.0
-165.6 60.0
-167.5 60.2
-165.6 60.0
-999.0 -999.0
-159.3 22.2
-159.6 22.2
-159.8 22.1
-159.3 22.2
-999.0 -999.0
-157.7 21.4
-158.3 21.6
-157.7 21.4
-999.0 -999.0
-156.0 20.8
-156.7 20.9
-156.0 20.8
-999.0 -999.0
-156.7 21.2
-157.3 21.2
-157.3 21.1
-156.7 21.2
-999.0 -999.0
-154.9 19.6
-155.9 20.3
-155.9 19.0
-154.9 19.6
-999.0 -999.0
24.6 77.8
21.7 78.2
20.8 77.5
22.8 77.3
24.6 77.8
-999.0 -999.0
120.8 -10.0
120.0 -9.3
118.9 -9.6
120.4 -10.3
120.8 -10.0
-999.0 -999.0
127.2 -3.5
126.8 -3.1
126.0 -3.2
126.7 -3.8
127.2 -3.5
-999.0 -999.0
134.5 -6.6
134.5 -6.4
134.1 -6.2
134.1 -6.8
134.5 -6.6
-999.0 -999.0
134.8 -6.2
134.8 -5.7
134.5 -5.4
134.3 -6.1
134.8 -6.2
-999.0 -999.0
155.9 -6.6
155.1 -5.5
154.7 -5.4
155.3 -6.7
155.9 -6.6
-999.0 -999.0
121.5 12.7
121.2 13.4
120.3 13.5
121.1 12.3
121.5 12.7
-999.0 -999.0
124.0 10.8
124.0 11.3
123.3 9.4
124.0 10.4
124.0 10.8
-999.0 -999.0
123.6 10.8
122.4 9.8
123.0 9.0
123.3 9.3
123.6 10.8
-999.0 -999.0
160.8 -9.8
160.4 -9.4
159.6 -9.3
159.8 -9.8
160.8 -9.8
-999.0 -999.0
162.4 -10.8
162.1 -10.5
161.3 -10.2
161.8 -10.7
162.4 -10.8
-999.0 -999.0
161.4 -9.6
161.0 -8.6
160.6 -8.3
160.9 -9.2
161.4 -9.6
-999.0 -999.0
157.5 -7.3
157.0 -6.9
156.5 -6.6
157.0 -7.3
157.5 -7.3
-999.0 -999.0
159.9 -8.5
159.4 -8.0
158.5 -7.5
158.9 -8.0
159.9 -8.5
-999.0 -999.0
167.8 -16.4
167.3 -15.9
167.2 -15.9
167.5 -16.6
167.8 -16.4
-999.0 -999.0
167.1 -15.5
167.1 -14.9
166.6 -14.6
166.8 -15.6
167.1 -15.5
-999.0 -999.0
-180.0 71.0
-177.4 71.2
-180.0 71.5
-999.0 -999.0
-180.0 -16.5
-180.0 -16.5
-999.0 -999.0
-95.5 -72.3
-102.3 -72.1
-95.5 -72.3
-999.0 -999.0
-159.8 -79.3
-163.2 -78.7
-164.3 -79.3
-159.0 -79.8
-159.8 -79.3
-999.0 -999.0
-127.5 -73.5
-127.5 -73.5
-127.5 -73.6
-127.2 -73.6
-127.3 -73.7
-124.8 -74.2
-123.8 -74.1
-126.1 -73.3
-127.1 -73.3
-127.5 -73.4
-127.5 -73.5
-999.0 -999.0
-120.3 -73.9
-122.3 -73.7
-123.3 -73.8
-122.2 -74.4
-120.3 -73.9
-999.0 -999.0
121.1 12.2
121.1 12.3
121.1 12.3
121.1 12.2
121.1 12.2
-999.0 -999.0
-131.7 52.8
-131.8 52.9
-131.8 52.8
-131.7 52.8
-131.7 52.8
-999.0 -999.0
12.3 45.5
12.3 45.4
12.4 45.4
12.4 45.4
12.3 45.5
-999.0 -999.0
-76.7 64.2
-76.6 64.2
-76.6 64.3
-76.7 64.3
-76.7 64.2
-999.0 -999.0
-76.5 64.2
-76.5 64.2
-76.6 64.2
-76.6 64.2
-76.5 64.2
-999.0 -999.0
